TOTAL_MEAN:157.09441109895707	TOTAL_TIME:6283.7764439582825
TOTAL_MEAN:54.11388564109802	TOTAL_TIME:270.5694282054901
