MEAN:471.4757748400011	TOTAL:58462.99608016014
MEAN:473.79162957954406	TOTAL:59223.95369744301
MEAN:487.20464849281313	TOTAL:60900.58106160164
