MEAN:242.32391930007935	TOTAL:30290.48991250992
MEAN:245.68834576875932	TOTAL:30465.354875326157
MEAN:245.15436680030822	TOTAL:30644.29585003853
