TOTAL_MEAN:7.525804367294923	TOTAL_TIME:2814.6508333683014
TOTAL_MEAN:0.0	TOTAL_TIME:0.0
