TOTAL_MEAN:61.17289253939753	TOTAL_TIME:1406.9765284061432
TOTAL_MEAN:10.601209104061127	TOTAL_TIME:42.40483641624451
