TOTAL_MEAN:178.43995803136093	TOTAL_TIME:4639.438908815384
TOTAL_MEAN:56.47069841623306	TOTAL_TIME:225.88279366493225
