TOTAL_MEAN:4.695910634204028	TOTAL_TIME:1756.2705771923065
TOTAL_MEAN:0.0	TOTAL_TIME:0.0
